              precision    recall  f1-score   support

         CYT      0.000     0.000     0.000        88
         ERL      1.000     1.000     1.000         1
         EXC      0.176     0.600     0.273         5
         ME1      0.467     0.875     0.609         8
         ME2      0.000     0.000     0.000         9
         ME3      0.406     0.867     0.553        30
         MIT      0.000     0.000     0.000        46
         NUC      0.600     0.212     0.313        85
         POX      1.000     0.750     0.857         4
         VAC      0.013     0.400     0.026         5

    accuracy                          0.214       281
   macro avg      0.366     0.470     0.363       281
weighted avg      0.259     0.214     0.192       281
